$coord
          1.455980590133         -3.921939892693          3.208405266696     c 
         -0.930001679399         -3.068830893829          3.866319973387     c 
         -2.847140590282         -3.020203950185          2.088585512159     c 
         -2.410598394194         -3.816531671826         -0.375358539594     c 
         -0.001573471808         -4.638545805426         -1.027073168639     c 
          1.920268574277         -4.702714607200          0.752032232829     c 
          2.948018676766         -3.996713359149          4.599900274248     h 
         -1.303590460028         -2.454739982213          5.776964640544     h 
         -4.707243611526         -2.371515887701          2.622457298146     h 
          0.365902160648         -5.262247340145         -2.936880255777     h 
          3.776964063800         -5.370296676581          0.230023729100     h 
         -4.479178870800         -3.749546564227         -2.311548578070     c 
         -6.284238247879         -4.196340898700         -1.418173255026     h 
         -4.108417764399         -5.158277256661         -3.772666110974     h 
         -4.665583192861         -1.127873750849         -3.566505053146     c 
         -2.832188708940         -0.633452642315         -4.371539208242     h 
         -6.047708283232         -1.234488620316         -5.096913576936     h 
         -5.460940136014          0.854827109162         -1.700563403461     c 
         -7.933284178538          0.932972821999         -0.816433521539     c 
         -3.733877788702          2.604436937634         -0.784608497160     c 
         -8.660042808907          2.708803897393          0.957808083817     c 
         -9.302305153097         -0.407041074856         -1.528230554729     h 
         -4.460291795040          4.388688861271          0.984932637128     c 
         -1.817500584965          2.565539742959         -1.484484986562     h 
         -6.921725780318          4.440775707180          1.867850417835     c 
        -10.588436396908          2.748941701501          1.627760441369     h 
         -3.106031942491          5.753898973285          1.675571267934     h 
         -7.488534737679          5.832883291886          3.248963066554     h 
          3.894598609169          2.401950217589         -0.447688851936     c 
          3.005735902181          2.640222085318          2.285921184709     c 
          1.077448216690          3.343281471316          2.312775754007     h 
          3.041419579897          0.798921036403          3.201998848552     h 
          4.216999657166          3.936138111641          3.319425106060     h 
          2.323536938832          0.900531651152         -1.941712415420     o 
          2.069381469075         -0.738370100786         -1.150472911856     h 
          3.963294653289          4.254639529295         -1.373156443457     h 
          6.604709488461          1.349959359554         -0.493173456471     c 
          7.535688085879          1.170837646727         -2.835021972788     f 
          6.732537604129         -0.976233024261          0.516649076342     f 
          8.212412275803          2.802798822837          0.824792584625     f 
$end
