   55
          8          1          8
          4          9         12
          1         13         13
          1         14         14
          4         15         18
          2         19         20
          1         21         21
          1         22         22
          6         23         28
          3         29         31
          2         32         33
          1         34         34
          1         35         35
          2         36         37
          2         38         39
          1         40         40
          3         41         43
          1         44         44
          2         45         46
          1         47         47
          1         48         48
          3         49         51
          1         52         52
          2         53         54
          1         55         55
          2         56         57
          3         58         60
          1         61         61
          1         62         62
          1         63         63
          4         64         67
          2         68         69
          2         70         71
          2         72         73
          1         74         74
          3         75         77
          2         78         79
          2         80         81
          1         82         82
          1         83         83
          1         84         84
          1         85         85
          1         86         86
          1         87         87
          1         88         88
          1         89         89
          2         90         91
          1         92         92
          1         93         93
          1         94         94
          1         95         95
          1         96         96
          1         97         97
          1         98         98
          1         99         99
