           2           1   1.4364543472345095     
           3           1   2.4985368666789950E-003
           3           2   1.4413408580122524     
           4           1  0.11020571363875262     
           4           2   2.3664246670177073E-003
           4           3   1.4155819564959866     
           5           1   2.5345478930959135E-003
           5           2  0.11208099609449385     
           5           3   3.2332260338377434E-003
           5           4   1.4201265281430993     
           6           1   1.4394991997299176     
           6           2   2.3243016704963051E-003
           6           3  0.11244997814452296     
           6           4   2.2992547366171424E-003
           6           5   1.4390896023259767     
           7           1  0.97162014061090485     
           7           3   1.0677133987330636E-002
           7           5   1.0725578049044697E-002
           8           2  0.97132632237708683     
           8           4   1.0469657735355062E-002
           8           6   1.0708845812443087E-002
           9           1   1.0753898819816695E-002
           9           3  0.96191845087440175     
           9           5   9.9707707340982495E-003
          10           1   1.0675304740114676E-002
          10           3   1.0008308593427623E-002
          10           5  0.96910618096202583     
          11           2   1.0726865079425867E-002
          11           4   1.0440779777693998E-002
          11           6  0.97141266038219509     
          12           2   1.2422706074260305E-002
          12           3   5.5808478012179677E-003
          12           4  0.99476272576044711     
          12           5   6.3172057887049783E-003
          12           6   1.2327566029746429E-002
          13           1   3.6504982548143067E-003
          13           3   6.5537857256457912E-003
          13           5   6.5160774321543994E-003
          13          12  0.96762991378728691     
          14           3   6.4291402642645207E-003
          14          12  0.97377496349734316     
          15           3   9.6322419052953523E-003
          15           5   8.7004860678747045E-003
          15          12  0.99712106076175322     
          16           4   9.2311363676177063E-003
          16          15  0.97019099794436492     
          17          14   8.4161719426855321E-003
          17          15  0.97456781895935429     
          18           4   2.3535561778559272E-003
          18          12   2.3271506124339131E-003
          18          13   9.0774486415831027E-003
          18          15  0.99729171875499989     
          19           3   3.1428393792829242E-003
          19          12   1.0062476391634902E-002
          19          15   6.6024893282863751E-003
          19          16   7.3182460915426524E-003
          19          18   1.4174909763501575     
          20          12   9.3952225422073727E-003
          20          15   5.1491590283132315E-003
          20          16   3.5860743054162763E-003
          20          17   5.6436858959149228E-003
          20          18   1.4178873547840718     
          20          19   3.2467926836227978E-003
          21          15   1.2291948564738144E-002
          21          18   2.3162135523858824E-003
          21          19   1.4392025914405788     
          21          20  0.11239893111306652     
          22          19  0.96816298700540238     
          22          20   9.9115982853299808E-003
          23          15   1.2551765477691931E-002
          23          18   2.3300224201178925E-003
          23          19  0.11159617948429228     
          23          20   1.4413676913988598     
          23          21   2.3212828249939972E-003
          24          19   1.0096488495044889E-002
          24          20  0.96779054487767202     
          25          12   3.2580681138589074E-003
          25          16   2.9280857749232080E-003
          25          18  0.10980732850671057     
          25          19   2.5069018739489958E-003
          25          20   2.5170007681138071E-003
          25          21   1.4381397258820583     
          25          22   1.0682017704980822E-002
          25          23   1.4375949826935228     
          25          24   1.0681719210870825E-002
          26          18   1.0467910072107831E-002
          26          21  0.97142184767146811     
          26          23   1.0705413114283722E-002
          27          18   1.0461573899821662E-002
          27          21   1.0739057262203354E-002
          27          23  0.97139135191484183     
          28          19   1.0682451054415265E-002
          28          20   1.0718883162400179E-002
          28          25  0.97163756952537428     
          30          29   1.0015165106357951     
          31          30  0.98210825113032452     
          32          30  0.97985649939448505     
          33          30  0.97833622950179933     
          34          29  0.98321968120096237     
          34          30   2.4989931513423557E-002
          34          31   5.2317367641599929E-003
          34          32   4.4380548303746261E-003
          34          33   1.0657903758707676E-002
          35          34  0.97966092250269865     
          36          29  0.97470375859347014     
          36          32   8.2871136230809762E-003
          36          34   1.1628202754394037E-002
          36          35   6.3724588586834014E-003
          37          29  0.95422793993036847     
          37          30   4.4982311055161471E-003
          37          31   9.0230380232695501E-003
          37          34   1.6925163721019737E-002
          38          29   1.8146901010918367E-002
          38          30   7.9249435076179878E-003
          38          37  0.89652489974138816     
          39          29   1.8514630683910654E-002
          39          32   8.9384341598616173E-003
          39          34   2.7477554419656396E-003
          39          35   1.4828637089958966E-002
          39          36   5.9016726510875209E-003
          39          37  0.89831632427273711     
          39          38   3.3285347987022110E-002
          40          29   1.8097874070502683E-002
          40          33   6.8640695832620424E-003
          40          34   9.6524484500460101E-003
          40          36   2.5367128084209318E-003
          40          37  0.89673657900277848     
          40          38   3.3277513075078688E-002
          40          39   3.3462904391711353E-002
