$coord
         -4.972907471356         -0.711710140886         -0.532837637705     c 
         -5.275029503621          2.034357748544         -0.494886159775     c 
         -4.387458477316          0.702012055457          1.707468806930     o 
         -3.359772561281         -1.551950601707         -1.481079728413     h 
         -3.801401784532          3.138672873377         -1.403383778980     h 
          1.521049399750          1.246179183906          0.674589498042     c 
          2.583454992209          3.791625187333          0.748469619093     c 
          1.098082742920          2.953497941719         -1.354779045971     o 
         -0.134314869497          0.774347554845          1.792036294859     h 
          4.570229809106          4.075814562237          0.341884890590     h 
          1.686397024608          5.186850185029          1.951442121307     h 
          3.150959786911         -1.002801251432          0.054354344990     c 
          1.846051983704         -2.723385192416         -1.301965287419     f 
          5.219667951681         -0.396966370808         -1.280527430195     f 
          3.912824090706         -2.148517579005          2.198604126452     f 
         -7.327580818767         -2.408248246635         -0.317400333134     c 
         -8.578487391487         -2.023982183076         -1.858854846976     h 
         -6.766553915844         -4.350080498575         -0.372627851852     h 
         -8.273735203750         -2.029446030724          1.428970578250     h 
         -7.085608680914          2.920632385839         -0.337320891321     h 
$end
