   41
          8          1          8
          5          9         13
          2         14         15
          1         16         16
          1         17         17
          1         18         18
          7         19         25
          1         26         26
          2         27         28
          1         29         29
          5         30         34
          1         35         35
          1         36         36
          3         37         39
          9         40         48
          6         49         54
          1         55         55
          2         56         57
          1         58         58
          4         59         62
          3         63         65
          3         66         68
          4         69         72
          1         73         73
          1         74         74
          4         75         78
          1         79         79
          1         80         80
          3         81         83
          3         84         86
          2         87         88
          5         89         93
          2         94         95
          1         96         96
          3         97         99
          2        100        101
          1        102        102
          3        103        105
          1        106        106
          1        107        107
          1        108        108
