           2           1   1.0088606404213061     
           3           1  0.93765332678868385     
           3           2  0.94207570421341158     
           4           1  0.97680397977724254     
           4           3   1.5241495607574145E-002
           5           2  0.97798223342246848     
           5           3   1.6550999946203356E-002
           6           3   6.4059525219317620E-003
           7           6   1.0000002418662315     
           8           5   1.1064641580592309E-002
           8           6  0.93977163171733458     
           8           7  0.95020632410933081     
           9           3   2.7135003024478400E-002
           9           6  0.96259080194875868     
           9           8   1.6961786855153069E-002
          10           7  0.97651007593145533     
          10           8   1.8796927211234198E-002
          10           9   5.0411412221030866E-003
          11           7  0.97882326405818176     
          11           8   1.6758355516046722E-002
          12           6  0.96617639514433751     
          12           7   6.1434884325730441E-003
          12           8   1.9132179823697564E-002
          12          11   5.1362535381271439E-003
          13           4   3.9145000562341940E-003
          13           6   1.6655733555715823E-002
          13           7   1.1430186247886647E-002
          13           8   2.2395662901425872E-003
          13          12  0.88614329447635320     
          14           6   1.8065287951838375E-002
          14           9   7.3439423006488938E-003
          14          10   8.2068244253890969E-003
          14          12  0.90140410233409363     
          14          13   3.2412111308825979E-002
          15           6   1.6983138074493035E-002
          15           8   1.2397501977698743E-002
          15          12  0.88900369080694253     
          15          13   3.2710479783092120E-002
          15          14   3.2727507553743776E-002
          16           1   1.0092970286333156     
          16           2   4.4977746088841475E-003
          16           3   2.1123771755918196E-002
          16           5   5.8111892727757642E-003
          17           2   2.8556525203089289E-003
          17           3   9.7013611827788896E-003
          17          16  0.97684800456314813     
          18           2   8.8147365262126152E-003
          18          16  0.98323708477919936     
          19           3   1.2226459540754627E-002
          19           4   5.5359266641695892E-003
          19          16  0.97875083367067028     
          20           2  0.97937415797002103     
          20           3   1.7119043727797937E-002
          20           4   5.0785336240188831E-003
