$coord
          5.270744021200         -5.234055860601         -1.428407844472     c 
          7.465255781588         -3.846154972343         -1.099726283212     c 
          7.433393749006         -1.670525048261          0.347976971459     c 
          5.212980494853         -0.852814228072          1.488698301775     c 
          3.025985130956         -2.264198950083          1.158476882775     c 
          3.052704839962         -4.441307295215         -0.291043927133     c 
          5.294438553728         -6.930964881598         -2.562883818553     h 
          9.205356030983         -4.460305741407         -1.975182756152     h 
          9.152665370012         -0.593822535949          0.600025192504     h 
          1.293264761226         -1.657007250274          2.048141314689     h 
          1.333244233889         -5.513346214272         -0.530089755558     h 
          5.175727612332          1.565566691207          2.971226461243     c 
          5.130823712833          3.878870742103          1.198675555333     c 
          6.861851832031          1.684107615282          4.156914411628     h 
          3.510928363588          1.617478278829          4.187902329930     h 
          5.364128468786          5.589550998469          2.328899016371     h 
         -6.974611031472          1.722455364390          1.962869064328     c 
         -5.035866240738         -0.387927564008          2.284842003226     c 
         -5.190513784738         -2.192948667333          0.009288581864     c 
         -5.447569156127         -1.524090640441          3.968156694602     h 
         -2.568230005764          0.487970710041          2.583716301226     o 
         -2.140652594558          1.659224668309          1.236061079798     h 
         -6.600122399062          2.764914991434          0.230039683111     h 
         -6.839680001556          3.007242006393          3.558513698605     h 
         -8.873062924510          0.944719913890          1.882697744041     h 
         -4.679751071503         -1.015924787471         -2.179085590337     f 
         -3.573648862198         -4.123854904120          0.190276874142     f 
         -7.507059668437         -3.201443269312         -0.234379494312     f 
          2.692332618563          4.005883994146         -0.238695689796     c 
          0.699758751160          5.469570203376          0.644943150429     c 
          2.357099034641          2.615673460345         -2.443351013231     c 
         -1.572768070004          5.560708894785         -0.653644555135     c 
          0.932481702634          6.564254007060          2.353179585608     h 
          0.085749574160          2.688988836935         -3.735517855019     c 
          3.892061744490          1.476638185095         -3.157306434332     h 
         -1.885042998257          4.167933170447         -2.850856813462     c 
         -3.090078677984          6.740120956445          0.039934614537     h 
         -0.151403848117          1.598869417972         -5.442462909120     h 
         -3.646255737255          4.241116993954         -3.879646656207     h 
          6.714680974764          3.743181586450         -0.116470148396     h 
$end
