   40
          7          1          7
          6          8         13
          1         14         14
          4         15         18
         10         19         28
          3         29         31
          1         32         32
          2         33         34
          5         35         39
          9         40         48
          8         49         56
          2         57         58
          1         59         59
          1         60         60
          1         61         61
          1         62         62
          1         63         63
          2         64         65
          2         66         67
          5         68         72
          1         73         73
          3         74         76
          1         77         77
          1         78         78
          4         79         82
          1         83         83
          2         84         85
          3         86         88
          3         89         91
          5         92         96
          1         97         97
          1         98         98
          3         99        101
          2        102        103
          1        104        104
          1        105        105
          1        106        106
          1        107        107
          1        108        108
          1        109        109
