           2           1   1.0053612097165494     
           3           1  0.94450876661455885     
           3           2  0.92757107021975072     
           4           1  0.97795934331080292     
           4           3   1.9004310727357587E-002
           5           1  0.97982039548871513     
           5           3   1.5812061897079639E-002
           6           2  0.97486690236114248     
           6           3   1.6011846007550387E-002
           6           4   5.3157184766920622E-003
           7           3   1.3968443019882135E-002
           8           7  0.99903388820178485     
           9           7  0.94167564129831072     
           9           8  0.94956009089592386     
          10           3   3.5346069576570389E-002
          10           7  0.95465307290422774     
          10           9   1.8397503466884940E-002
          11           8  0.97690559783204645     
          11           9   1.8690498817771441E-002
          11          10   4.8999577449640201E-003
          12           8  0.97941244375628955     
          12           9   1.7055256349224852E-002
          13           1   5.1465727793950740E-003
          13           2   1.0245356152797744     
          13           3   1.8233688549566706E-002
          13           5   5.4238199225444001E-003
          14           1   1.4538036923143507E-002
          14           3   3.2601402449878914E-003
          14          13  0.97597619882354225     
          15           3   1.5551336521360563E-002
          15          13  0.97347604805252308     
          16           3   3.2857821439502143E-003
          16           6   9.8449598271612461E-003
          16          13  0.97770116912650784     
          17           7  0.96557217594740163     
          17           8   6.2087477702025412E-003
          17           9   1.9394581104537650E-002
          17          12   5.0880870117203537E-003
          18           7   1.6849035191925953E-002
          18           8   1.1415905099587854E-002
          18           9   2.2125979068409241E-003
          18          17  0.88865907091073093     
          19           7   1.8034984511429843E-002
          19          10   7.3513930037372478E-003
          19          11   8.0366533020586051E-003
          19          17  0.90083432665822039     
          19          18   3.2522628086967896E-002
          20           7   1.6914349739879955E-002
          20           9   1.2350147985452458E-002
          20          10   2.0612163575881065E-003
          20          17  0.88771151793581315     
          20          18   3.2737524989210183E-002
          20          19   3.2735219628760984E-002
