$coord
         -3.423441019494          5.423239304900          0.827538090792     c 
         -3.561184990435          4.003634987835         -1.389830740634     c 
         -5.634574120932          2.435619722433         -1.824453893144     c 
         -7.570397307557          2.284994063099         -0.040207351591     c 
         -7.432126741589          3.703630346606          2.176995810671     c 
         -5.358870774441          5.273452386160          2.610612056735     c 
         -1.788993652778          6.660010312365          1.169453147360     h 
         -2.035719708233          4.123250898930         -2.795863355892     h 
         -5.743847590279          1.317519074444         -3.572706072438     h 
         -8.957471478772          3.585319921231          3.583564735848     h 
         -5.250449071551          6.391935775449          4.358501345047     h 
         -9.859437407523          0.553334516477         -0.520615339679     c 
        -11.277834857992          1.576972099720         -1.534925223093     h 
        -10.614486967903         -0.071910599190          1.247852522510     h 
         -9.020334212163         -1.751706278296         -2.086444584215     c 
        -10.480354574855         -3.150379918908         -2.062541201513     h 
         -8.666951718885         -1.178794047257         -3.993118297230     h 
         -6.588505091282         -2.868269990330         -0.942494498963     c 
         -4.456732365772         -3.210956208245         -2.455467608976     c 
         -6.516991870562         -3.536792603924          1.606160235801     c 
         -2.254427809413         -4.223134912184         -1.420157883980     c 
         -4.514180636191         -2.685070341748         -4.465049863064     h 
         -4.313574398209         -4.547569476212          2.642514320442     c 
         -8.196882598584         -3.266514255530          2.798968672280     h 
         -2.182523313846         -4.891062419668          1.129810424107     c 
         -0.574443361373         -4.494402847746         -2.612859869480     h 
         -4.257496479008         -5.073774579718          4.652260256963     h 
         -0.445837733420         -5.688992569754          1.945719728387     h 
          9.064237517748          2.084914312108         -0.108508917557     c 
          9.169856906594          3.173652328271          1.592080814917     h 
         11.423349819484          2.594381124693         -1.734598688639     c 
         11.317731328786          1.505641683493         -3.435187564569     h 
         11.511053666612          4.560726604319         -2.197532448741     h 
         13.080388179416          2.070755982360         -0.700890740003     h 
          8.938008982393         -0.745151585030          0.557769706891     c 
          8.800095284621         -2.118551363947         -1.587695164923     f 
          6.872449882714         -1.190965792273          1.987096724330     f 
         11.030826202423         -1.406840069776          1.857980221223     f 
          6.849692845037          2.784713975138         -1.490007290441     o 
          6.554668842448          4.564590968704         -1.300026247596     h 
$end
