   37
          8          1          8
          3          9         11
          4         12         15
          2         16         17
          2         18         19
          1         20         20
          2         21         22
          2         23         24
          1         25         25
          1         26         26
          2         27         28
          1         29         29
          2         30         31
          2         32         33
          2         34         35
          1         36         36
          1         37         37
          1         38         38
          2         39         40
          2         41         42
          2         43         44
          4         45         48
          2         49         50
          1         51         51
          2         52         53
          1         54         54
          1         55         55
          1         56         56
          1         57         57
          1         58         58
          1         59         59
          2         60         61
          1         62         62
          1         63         63
          1         64         64
          2         65         66
          1         67         67
