           2           1   1.4364597659293887     
           3           1   2.4991295096496464E-003
           3           2   1.4413414910880165     
           4           1  0.11020766239230634     
           4           2   2.3662226571424692E-003
           4           3   1.4155788282721740     
           5           1   2.5341047733486010E-003
           5           2  0.11207896568492920     
           5           3   3.2326363505043899E-003
           5           4   1.4201270836714530     
           6           1   1.4395011961884761     
           6           2   2.3243655313018906E-003
           6           3  0.11245061286422518     
           6           4   2.2995113491634050E-003
           6           5   1.4390921676020780     
           7           1  0.97161515827948708     
           7           3   1.0678444746500653E-002
           7           5   1.0726795588977676E-002
           8           2  0.97132693251900404     
           8           4   1.0469912747639592E-002
           8           6   1.0709232127472965E-002
           9           1   1.0754109024844961E-002
           9           3  0.96191839485016173     
           9           5   9.9707567341681090E-003
          10           1   1.0675519179393758E-002
          10           3   1.0008449022913653E-002
          10           5  0.96910629343757193     
          11           2   1.0727348822524650E-002
          11           4   1.0441291442676956E-002
          11           6  0.97141088633633976     
          12           2   1.2422600563406258E-002
          12           3   5.5809598869059731E-003
          12           4  0.99476359085080435     
          12           5   6.3173389973347595E-003
          12           6   1.2327759366007669E-002
          13           1   3.6505364826337691E-003
          13           3   6.5535618465706862E-003
          13           5   6.5160427660433638E-003
          13          12  0.96763029198608141     
          14           3   6.4291320167865320E-003
          14          12  0.97377700346958529     
          15           3   9.6320554250666213E-003
          15           5   8.7003982734993220E-003
          15          12  0.99712302963544563     
          16           4   9.2313631284994032E-003
          16          15  0.97019078801154046     
          17          14   8.4164385401336965E-003
          17          15  0.97456828393267236     
          18           4   2.3536162500853480E-003
          18          12   2.3273430583784739E-003
          18          13   9.0777039832102471E-003
          18          15  0.99729368479762770     
          19           3   3.1427703620747738E-003
          19          12   1.0062476503272407E-002
          19          15   6.6025387503188529E-003
          19          16   7.3183392164559548E-003
          19          18   1.4174853377071057     
          20          12   9.3952838165743020E-003
          20          15   5.1491596453517178E-003
          20          16   3.5861949378575906E-003
          20          17   5.6437845883634359E-003
          20          18   1.4178957901921669     
          20          19   3.2475159796901067E-003
          21          15   1.2291404578870211E-002
          21          18   2.3162903590572752E-003
          21          19   1.4391966127289939     
          21          20  0.11239439267814084     
          22          19  0.96816159765798093     
          22          20   9.9113219134337460E-003
          23          15   1.2552017651621295E-002
          23          18   2.3303301384042796E-003
          23          19  0.11160318380068668     
          23          20   1.4413653024932289     
          23          21   2.3212627748564509E-003
          24          19   1.0096685506142360E-002
          24          20  0.96779112970714587     
          25          12   3.2579750027892764E-003
          25          16   2.9280428670011541E-003
          25          18  0.10980342336078733     
          25          19   2.5080983100516816E-003
          25          20   2.5161208796186784E-003
          25          21   1.4381395968680228     
          25          22   1.0681600759877225E-002
          25          23   1.4375861354973378     
          25          24   1.0681382517914327E-002
          26          18   1.0466497077668325E-002
          26          21  0.97142650973483391     
          26          23   1.0704343408427710E-002
          27          18   1.0461334210189303E-002
          27          21   1.0738626515743728E-002
          27          23  0.97138925121224029     
          28          19   1.0681283667728001E-002
          28          20   1.0717332867086080E-002
          28          25  0.97164251038810867     
          30          29  0.97585383011570692     
          31          29   1.0015436529698385     
          32          30   8.6390094017923507E-003
          32          31  0.97950484613190902     
          33          31  0.98250379624802364     
          34          31  0.97836581388869881     
          35          29  0.95404534517144113     
          35          31   4.5124534110178973E-003
          35          33   8.7114907710196358E-003
          36          29   1.8403610381663538E-002
          36          30   6.3873294033522576E-003
          36          32   8.2902813696100960E-003
          36          35  0.89736917891239576     
          37          29   1.8096385241143449E-002
          37          30   2.3821169209955330E-003
          37          31   7.9796588025677056E-003
          37          35  0.89675072402660605     
          37          36   3.3278310854811317E-002
          38          29   1.8484464613206460E-002
          38          30   2.3268122102136899E-003
          38          34   8.0788496710997738E-003
          38          35  0.90133182958329339     
          38          36   3.3437296006374198E-002
          38          37   3.3422921691940548E-002
          39          29  0.98122207020704111     
          39          30   8.1670096561130383E-003
          39          31   2.5048120201648393E-002
          39          32   5.4118490772181536E-003
          39          33   4.4941944965288120E-003
          39          34   1.0813406907041733E-002
          39          35   8.8176606268454277E-003
          39          38   8.2470588302901576E-003
          40          35   6.6052699778965263E-003
          40          39  0.98570553788184989     
